=~=~=~=~=~=~=~=~=~=~=~= PuTTY log 2019.07.20 20:32:02 =~=~=~=~=~=~=~=~=~=~=~=
31
31
31
31
31
31
31
31
31
31
31
31
31
31
31
31
31
31
31
31
31
31
31
31
31
31
31
31
31
31
31
31
31
31
31
31
31
31
31
31
31
31
31
31
31
31
31
31
31
31
31
31
31
31
31
31
31
31
31
31
31
31
31
31
31
31
31
31
31
31
31
31
31
31
31
31
31
31
31
31
31
31
31
31
31
31
31
31
31
31
31
31
31
31
31
31
31
31
31
31
31
31
31
31
31
31
31
31
31
31
31
31
31
31
31
31
31
31
31
31
31
31
31
31
31
31
31
31
31
31
31
31
31
31
31
31
31
31
31
31
31
31
31
31
31
31
31
31
31
31
31
31
31
31
31
31
31
31
31
31
31
31
31
31
31
31
31
31
31
31
31
31
31
31
31
31
31
31
31
31
31
31
31
31
31
31
31
31
31
31
31
31
31
31
31
31
31
31
31
31
31
31
31
31
31
31
31
31
31
31
31
31
31
31
31
31
31
31
31
31
31
31
31
31
31
31
31
31
31
31
31
31
31
31
31
31
31
31
31
31
31
31
31
31
31
31
31
31
31
31
31
31
31
31
31
31
31
31
31
31
31
31
31
31
31
30
31
31
31
31
30
31
30
22
31
31
23
16
16
16
14
14
14
14
16
15
13
13
14
15
13
13
13
12
13
13
14
14
12
12
12
11
11
11
11
11
11
11
11
11
11
11
11
11
11
11
11
11
11
11
11
11
11
10
10
10
10
10
10
10
10
10
10
10
10
10
10
10
10
10
10
10
10
10
10
10
10
10
10
10
10
10
10
10
10
10
10
10
10
10
10
10
10
10
10
10
10
10
10
11
11
11
11
12
13
15
16
15
15
16
17
18
18
20
20
21
24
26
27
31
32
31
31
31
30
31
31
31
31
30
31
32
31
31
31
31
31
31
31
31
31
31
31
31
31
31
31
31
31
31
31
31
31
31
31
31
31
31
31
31
31
31
31
31
31
31
31
31
31
31
31
31
31
31
31
31
31
31
31
31
31
31
31
31
31
31
31
31
31
31
31
31
31
31
31
31
31
31
31
31
31
31
31
31
31
31
31
31
31
31
31
31
31
31
31
31
31
31
31
31
31
31
31
31
31
31
31
31
31
31
31
31
31
31
31
31
31
31
31
31
31
31
31
31
31
31
31
31
31
31
31
31
31
31
31
31
31
31
31
31
31
31
31
31
31
31
31
31
31
31
31
31
31
31
31
31
31
31
31
31
31
31
31
31
31
32
31
31
31
30
30
30
33
30
30
30
27
30
31
28
26
31
32
31
24
32
24
25
31
31
31
31
31
31
31
31
32
31
31
31
31
31
31
31
31
31
31
31
31
31
31
31
31
31
31
31
31
31
31
31
31
31
31
31
31
31
31
31
31
31
31
31
31
31
31
31
31
31
31
31
31
31
31
31
31
31
31
31
31
31
31
31
31
31
31
31
31
31
31
31
31
31
31
31
31
31
31
31
31
31
31
31
31
31
31
31
31
31
31
31
31
31
31
31
31
31
31
31
31
31
31
31
31
31
31
31
31
31
31
31
31
31
31
31
31
31
31
31
31
31
31
31
31
31
31
31
31
31
31
31
31
31
31
31
31
31
31
31
31
31
31
31
31
31
31
31
31
31
31
31
31
31
31
31
31
31
31
31
31
31
31
32
31
31
31
31
31
31
31
31
31
31
31
31
31
31
31
31
31
31
31
31
31
31
31
31
31
31
31
31
31
31
31
31
31
31
31
31
32
31
31
31
31
32
32
31
11
10
31
31
31
32
10
9
8
9
8
8
8
8
8
9
9
9
10
10
10
10
10
10
11
11
12
13
13
13
13
13
10
9
9
9
9
10
10
13
10
11
12
12
12
11
12
12
11
11
10
10
10
10
9
8
7
7
8
11
8
8
7
7
8
11
10
8
10
9
9
9
8
8
8
8
8
7
7
6
6
7
7
7
7
7
7
7
8
8
9
9
9
7
6
6
7
6
6
6
6
5
5
4
4
4
6
4
4
4
4
6
5
5
3
3
4
4
3
4
3
3
3
3
4
4
6
3
3
3
2
2
3
3
4
4
3
3
3
3
3
3
2
2
2
2
2
2
2
1
2
2
2
2
2
2
2
2
2
2
2
2
2
2
2
2
1
2
2
2
2
2
2
2
2
2
2
2
2
2
2
2
2
2
2
2
2
2
2
1
1
1
1
1
1
1
1
1
1
1
1
1
1
1
1
1
1
1
1
1
1
1
1
1
1
1
1
1
1
1
1
1
1
1
1
1
1
1
1
1
1
1
1
1
1
1
1
1
1
1
1
1
1
1
1
1
1
1
1
1
1
1
1
1
1
1
1
1
1
1
1
1
1
1
1
1
1
1
1
1
1
1
1
1
1
1
1
1
1
1
1
1
1
1
1
1
1
1
1
1
1
1
1
1
1
1
1
1
1
1
1
1
1
1
1
1
2
2
1
1
1
1
1
1
1
1
1
1
1
1
1
1
1
1
1
1
1
1
1
1
1
1
1
1
1
1
1
1
1
1
1
1
1
1
1
1
1
1
1
2
1
2
2
7
3
2
4
2
2
2
2
2
2
2
2
3
5
4
2
3
4
2
2
2
4
6
5
5
4
4
4
5
4
4
4
5
8
6
6
6
6
6
5
5
5
4
5
6
5
6
6
5
4
5
6
5
4
5
5
4
5
7
5
5
5
5
5
4
5
5
5
5
5
5
5
6
5
6
6
6
5
5
5
5
5
5
6
5
5
6
5
6
5
6
6
6
6
6
6
6
6
6
7
7
7
8
8
7
7
7
7
7
7
7
7
7
7
6
6
7
7
7
7
7
7
7
7
7
6
6
6
7
7
6
7
7
7
7
8
8
8
8
8
8
8
7
8
7
8
8
8
8
7
7
7
6
7
7
7
7
7
7
8
8
8
10
8
7
7
8
8
8
8
8
7
7
8
8
8
8
8
8
8
9
9
8
8
8
8
8
9
10
10
9
12
11
11
11
11
12
10
11
14
10
11
12
11
13
12
14
13
13
12
13
14
16
14
15
15
14
17
16
14
14
14
14
14
14
15
15
15
15
15
16
16
16
16
17
17
17
18
18
18
18
17
17
17
17
17
18
17
18
18
17
17
17
17
17
17
17
18
17
17
17
17
17
17
17
17
17
17
18
18
18
18
18
18
19
20
19
19
20
20
19
20
24
20
19
20
19
20
20
20
20
20
20
20
20
21
21
21
21
20
21
21
21
21
21
21
21
21
21
21
21
22
22
21
21
22
22
22
22
22
22
22
22
22
22
22
22
22
22
23
22
22
22
22
22
21
21
22
23
23
22
21
20
20
20
21
25
20
21
20
24
38
38
38
12
33
-241
11
10
10
9
10
10
10
0
0
11
32
32
32
32
32
32
32
32
32
32
32
32
32
32
32
32
32
32
32
32
32
32
32
32
32
32
32
32
32
32
32
32
32
32
32
32
32
32
32
32
32
32
32
32
32
32
32
32
32
32
32
32
32
32
32
32
32
32
32
32
32
32
32
32
32
32
32
32
32
32
32
32
32
32
32
32
32
32
32
32
32
32
32
32
32
32
32
32
32
32
32
32
32
32
32
32
32
32
32
32
32
32
32
32
32
32
32
32
32
32
32
32
31
31
30
30
30
34
30
31
54
36
33
32
32
32
32
32
32
32
32
32
32
32
32
32
32
32
32
32
32
32
32
32
32
32
32
32
32
32
32
32
32
32
32
32
32
32
32
32
32
32
32
32
32
32
32
32
32
32
32
32
12
9
9
7
7
6
7
9
8
10
7
6
7
5
6
7
5
6
4
4
6
6
6
6
3
4
5
6
6
5
4
4
5
5
5
5
5
5
5
5
4
5
6
6
4
4
4
4
4
4
4
4
4
6
7
4
5
6
7
7
7
6
7
6
7
6
7
9
8
9
11
31
14
11
12
12
16
17
14
14
20
16
16
17
21
19
18
18
18
17
19
17
17
18
32
32
32
32
33
32
21
21
32
33
31
32
32
32
32
32
32
32
32
32
32
31
30
29
26
31
24
31
24
26
32
27
26
27
34
32
33
32
30
29
30
29
29
33
32
32
33
32
32
32
32
32
32
32
32
32
32
32
32
32
32
32
32
32
32
32
32
32
32
32
32
32
32
32
32
32
32
32
32
32
32
32
32
32
32
32
32
32
32
32
31
32
32
32
32
32
32
32
32
31
32
32
32
32
32
32
32
32
32
32
32
32
32
32
32
32
32
32
32
32
32
3